9
(-6.601190205706389,106.80505910220238) Tugu_Kujang
(-6.597102267767196,106.79326552175363) SMAN_1_Bogor
(-6.5961016007735225 106.78808654683198) SMAN_9_Bogor
(-6.585340741224928,106.78374527464165) SMAN_5_BOGOR
(-6.581182320850733,106.79660038973282) Taman_AirMancur
(-6.569052566422009,106.8080741858986) Plaza_JambuDua
(-6.592326783361264,106.80515752839156) Mcd_Lodaya
(-6.5818813524410995 106.81756945868038) Taman_CoratCoret
(-6.606984542281702,106.80889402039062) Mesjid_Raya_Bogor
[0 1900 0 0 0 0 1000 0 750]
[1900 0 750 0 2000 0 1700 0 0]
[0 750 0 1400 0 0 0 0 0]
[0 0 1400 0 1700 0 0 0 0]
[0 2000 0 1700 0 2100 2600 0 0]
[0 0 0 0 2100 0 0 2300 0]
[1000 1700 0 0 2600 2900 0 2300 0]
[0 0 0 0 0 2300 2300 0 4200]
[750 0 0 0 0 0 0 4200 0]